16000 pcm16
ceps
-----------------------------------------
[[ -7.58403557e+00  -2.70922766e+00  -9.63429059e-01   4.90830972e-01
   -1.14963926e+00  -4.74005343e-01  -3.38607060e-01   4.97133061e-01
   -8.71802615e-02  -1.67026169e-01  -8.69728999e-01  -1.11086766e+00
   -1.27670540e+00]
 [ -7.56499842e+00  -2.79531732e+00  -1.00723308e+00   4.67502642e-01
   -1.11527175e+00  -3.51219684e-01  -2.19908725e-01   5.29573909e-01
   -7.37030281e-02  -1.90292541e-01  -9.18501111e-01  -1.17929019e+00
   -1.27334080e+00]
 [ -7.65595225e+00  -3.10733391e+00  -1.19514756e+00   2.61001683e-01
   -1.33356508e+00  -5.52778812e-01  -4.16873685e-01   3.72478008e-01
   -1.87357729e-01  -2.95168355e-01  -1.02308192e+00  -1.29541043e+00
   -1.30198188e+00]
 [ -7.35936264e+00  -2.75712963e+00  -8.67262595e-01   5.62151123e-01
   -1.08958284e+00  -3.05550559e-01  -2.31682409e-01   5.42971827e-01
    2.30291298e-02  -1.10828851e-01  -9.00104058e-01  -1.25789284e+00
   -1.20846453e+00]
 [ -7.57132454e+00  -3.01762350e+00  -1.18615102e+00   3.27033406e-01
   -1.27998615e+00  -4.53008925e-01  -3.68751245e-01   4.32231552e-01
   -4.08518012e-02  -2.47192624e-01  -1.00358329e+00  -1.35930196e+00
   -1.26995286e+00]
 [ -7.50636799e+00  -2.92729970e+00  -1.09565999e+00   3.63603478e-01
   -1.30951074e+00  -4.63090934e-01  -3.82954706e-01   3.99828306e-01
   -8.97155443e-02  -2.23171382e-01  -9.41350308e-01  -1.27765588e+00
   -1.19325606e+00]
 [ -7.32611590e+00  -2.64441575e+00  -7.36710783e-01   6.82279367e-01
   -1.13153383e+00  -2.90768656e-01  -2.55957972e-01   5.88065739e-01
    2.60784983e-02  -1.15454358e-01  -8.64117371e-01  -1.25463856e+00
   -1.17601274e+00]
 [ -7.45093783e+00  -2.81189087e+00  -1.07965726e+00   3.68089028e-01
   -1.33940866e+00  -3.25318993e-01  -3.41439483e-01   4.35892613e-01
   -1.95134509e-01  -2.87297220e-01  -9.16630991e-01  -1.25051985e+00
   -1.11181468e+00]
 [ -7.17513136e+00  -2.29737751e+00  -7.62115495e-01   6.14770437e-01
   -1.03585713e+00  -5.21309973e-02  -1.96323307e-01   5.52031018e-01
   -2.03508261e-02  -1.05366164e-01  -7.75671144e-01  -1.14945779e+00
   -1.01597531e+00]
 [ -7.63459767e+00  -2.75785266e+00  -1.09950632e+00   2.73752376e-01
   -1.41045023e+00  -3.72242441e-01  -4.12446929e-01   3.78367103e-01
   -2.08759173e-01  -2.78903589e-01  -9.20850380e-01  -1.25430042e+00
   -1.06911297e+00]
 [ -7.36994743e+00  -2.34977549e+00  -7.88217463e-01   6.03667279e-01
   -1.13002208e+00  -8.49423597e-02  -2.19770528e-01   5.45484140e-01
   -1.40058486e-02  -1.29757740e-01  -8.16538067e-01  -1.19085648e+00
   -1.02423529e+00]
 [ -7.52068224e+00  -2.61410417e+00  -1.01351031e+00   4.27193484e-01
   -1.43952950e+00  -2.49218444e-01  -3.37621627e-01   4.32402376e-01
   -2.14104061e-01  -2.85452542e-01  -8.48845030e-01  -1.17030361e+00
   -1.04563878e+00]
 [ -7.40486610e+00  -2.78945762e+00  -1.22961253e+00   4.19846702e-01
   -1.29593748e+00  -7.06082243e-02  -2.76569243e-01   5.25547374e-01
   -1.11996614e-01  -2.46552022e-01  -9.67012572e-01  -1.30231149e+00
   -1.11554889e+00]
 [ -7.33230231e+00  -2.78176557e+00  -1.07004851e+00   5.63454072e-01
   -1.37546012e+00  -3.40337652e-01  -4.57305481e-01   4.71439542e-01
   -1.16347181e-01  -1.79152191e-01  -8.53506431e-01  -1.16043902e+00
   -1.13748159e+00]
 [ -7.27793695e+00  -2.74060692e+00  -1.04081241e+00   6.66200323e-01
   -1.17674327e+00  -1.64772857e-01  -2.93956999e-01   5.67793060e-01
   -1.58162266e-02  -1.49593908e-01  -8.80714134e-01  -1.18095846e+00
   -1.18005112e+00]
 [ -7.65036659e+00  -3.01832772e+00  -1.23562737e+00   4.14814514e-01
   -1.41023515e+00  -3.79519573e-01  -4.31308936e-01   4.09698685e-01
   -1.72008941e-01  -3.16559936e-01  -1.01182399e+00  -1.24845022e+00
   -1.30224959e+00]
 [ -7.61967743e+00  -2.80386836e+00  -1.01362661e+00   5.27162411e-01
   -1.27249750e+00  -2.47483284e-01  -2.54749965e-01   4.72961739e-01
   -8.30196464e-02  -2.42215715e-01  -9.34270983e-01  -1.19216355e+00
   -1.30118789e+00]
 [ -7.64329231e+00  -2.85883212e+00  -1.02869659e+00   5.03600378e-01
   -1.24010427e+00  -2.76617338e-01  -2.76088271e-01   4.73399599e-01
   -3.17203500e-02  -2.52622980e-01  -9.21365402e-01  -1.20164361e+00
   -1.33373962e+00]
 [ -7.56075287e+00  -2.85083961e+00  -9.56257707e-01   4.95200753e-01
   -1.29895038e+00  -3.61643491e-01  -3.57475388e-01   4.04244534e-01
   -6.01859674e-02  -2.37606770e-01  -8.72205690e-01  -1.14067314e+00
   -1.23504176e+00]
 [ -7.45433909e+00  -2.83724620e+00  -8.63056715e-01   6.31519838e-01
   -1.18690136e+00  -2.81969864e-01  -2.97518132e-01   5.25520026e-01
    5.49544359e-02  -1.76398156e-01  -8.85916735e-01  -1.19075603e+00
   -1.22798230e+00]
 [ -7.38043790e+00  -2.86482230e+00  -9.80992225e-01   4.96930834e-01
   -1.30710799e+00  -3.90153106e-01  -4.24424366e-01   4.11744198e-01
   -5.02721233e-02  -1.75435908e-01  -8.28705955e-01  -1.19022933e+00
   -1.15388385e+00]
 [ -7.25749703e+00  -2.59894270e+00  -7.78988158e-01   7.30141449e-01
   -1.09232921e+00  -3.27304897e-01  -3.75252235e-01   5.14780862e-01
    8.37079836e-02  -2.87221297e-02  -6.96524717e-01  -1.15309555e+00
   -1.17792573e+00]
 [ -7.45682363e+00  -2.87818860e+00  -1.29640160e+00   2.71263933e-01
   -1.37489929e+00  -4.86846849e-01  -4.87955215e-01   3.44198186e-01
   -1.51736480e-01  -2.30424591e-01  -8.28082191e-01  -1.17591678e+00
   -1.14804014e+00]
 [ -7.11980559e+00  -2.44438868e+00  -9.00816684e-01   6.25491819e-01
   -9.90748469e-01  -1.51370234e-01  -2.76436226e-01   4.91905538e-01
    4.01517467e-02  -7.42867114e-02  -7.64790918e-01  -1.12704468e+00
   -1.02542930e+00]
 [ -7.44002884e+00  -2.78919208e+00  -1.06592099e+00   3.67079816e-01
   -1.21365571e+00  -3.46040493e-01  -3.81221539e-01   3.21609105e-01
   -1.11609114e-01  -2.41181515e-01  -9.05179856e-01  -1.20102414e+00
   -9.93801364e-01]
 [ -7.28525765e+00  -2.53939565e+00  -8.61923297e-01   5.13138244e-01
   -9.57844382e-01  -1.07995446e-01  -1.79660186e-01   4.00853902e-01
    4.30122385e-02  -1.21815160e-01  -8.84215375e-01  -1.20687058e+00
   -9.90334002e-01]
 [ -7.63646837e+00  -3.01848669e+00  -1.18549781e+00   1.67395062e-01
   -1.32822975e+00  -4.98609897e-01  -4.86482099e-01   2.08696343e-01
   -1.39414427e-01  -2.98604289e-01  -1.00038154e+00  -1.27926681e+00
   -1.08609590e+00]
 [ -7.40254204e+00  -2.95906866e+00  -1.08082704e+00   3.57637180e-01
   -1.12567002e+00  -2.46820353e-01  -2.89114162e-01   3.93324812e-01
   -1.10758333e-02  -2.20374273e-01  -9.63172007e-01  -1.28451194e+00
   -1.13172363e+00]
 [ -7.44805776e+00  -3.33240413e+00  -1.26438846e+00   2.44906431e-01
   -1.36629236e+00  -5.40644268e-01  -5.46437356e-01   2.42770625e-01
   -1.55172694e-01  -3.31310170e-01  -1.01211739e+00  -1.30924861e+00
   -1.22378120e+00]
 [ -7.01792932e+00  -3.04690633e+00  -9.06446827e-01   5.98296876e-01
   -1.10504120e+00  -3.25258716e-01  -3.22471952e-01   4.62442866e-01
    1.00566166e-02  -1.27450553e-01  -8.73482910e-01  -1.16751416e+00
   -1.18330396e+00]
 [ -7.05644469e+00  -3.19803537e+00  -9.28025336e-01   5.83659961e-01
   -1.22372294e+00  -4.31882454e-01  -3.50147164e-01   4.56086061e-01
   -1.04124346e-01  -2.19299503e-01  -9.17374628e-01  -1.11781301e+00
   -1.27111568e+00]
 [ -6.96200038e+00  -3.17597359e+00  -1.11145655e+00   5.31654231e-01
   -1.17262628e+00  -3.99871948e-01  -3.79212673e-01   4.31779176e-01
   -7.78941519e-02  -2.02230256e-01  -9.40033141e-01  -1.06960601e+00
   -1.21773773e+00]
 [ -6.97825579e+00  -2.86649542e+00  -8.93684459e-01   7.58705073e-01
   -1.04225414e+00  -3.15331839e-01  -2.54718367e-01   5.81383998e-01
    3.44247453e-02  -1.32171919e-01  -8.33529379e-01  -9.64557578e-01
   -1.27831524e+00]
 [ -7.13435233e+00  -2.70883921e+00  -9.56964879e-01   7.14743809e-01
   -9.92040430e-01  -3.10513724e-01  -2.23384774e-01   5.40201776e-01
    1.61323638e-02  -1.41552525e-01  -8.15836059e-01  -9.41863973e-01
   -1.28543652e+00]
 [ -7.16063774e+00  -2.42249536e+00  -8.24233494e-01   8.24275307e-01
   -9.71404816e-01  -3.23720997e-01  -1.64211482e-01   5.60954762e-01
    4.52538047e-02  -9.11906564e-02  -7.52655918e-01  -8.87605590e-01
   -1.27964158e+00]
 [ -7.46136226e+00  -2.63321416e+00  -9.20089462e-01   8.05652689e-01
   -1.03604883e+00  -3.49276880e-01  -2.21305125e-01   5.24997395e-01
    5.11086034e-02  -1.16796670e-01  -8.35452093e-01  -1.00166793e+00
   -1.40908055e+00]
 [ -7.55284884e+00  -2.80662522e+00  -9.17151388e-01   7.25028010e-01
   -1.13214694e+00  -4.15872360e-01  -3.81031868e-01   4.39793093e-01
    6.09100757e-02  -1.29985366e-01  -8.90190254e-01  -1.04014010e+00
   -1.43118434e+00]
 [ -7.39251552e+00  -2.87347777e+00  -8.44762437e-01   7.47949685e-01
   -1.04522218e+00  -2.47606088e-01  -2.23025212e-01   5.50778863e-01
    1.01937277e-01  -1.44167025e-01  -9.04288207e-01  -1.02085938e+00
   -1.44374767e+00]
 [ -7.42578766e+00  -3.27438720e+00  -1.24357158e+00   3.72715131e-01
   -1.28638735e+00  -4.02836423e-01  -3.62116388e-01   3.81126498e-01
   -8.51772068e-02  -3.65078494e-01  -1.05201838e+00  -1.08788202e+00
   -1.45314610e+00]
 [ -6.73897906e+00  -2.69073408e+00  -8.02134306e-01   7.26756395e-01
   -9.33472905e-01  -1.12108230e-01  -1.87911710e-01   4.91584905e-01
    8.66799088e-02  -1.24809079e-01  -8.65358746e-01  -9.31237483e-01
   -1.20609762e+00]
 [ -7.16553036e+00  -3.31065106e+00  -1.20614368e+00   3.54513826e-01
   -1.36770939e+00  -4.96636686e-01  -4.32857748e-01   3.04062552e-01
   -1.47745912e-01  -2.89224917e-01  -1.04042580e+00  -1.13963018e+00
   -1.26816402e+00]
 [ -6.92496934e+00  -3.04667735e+00  -1.07327880e+00   5.71210922e-01
   -1.00155755e+00  -1.34324764e-01  -1.84954195e-01   4.73342693e-01
   -7.39760978e-03  -1.55992825e-01  -1.03170774e+00  -1.22127633e+00
   -1.10143423e+00]
 [ -7.13228915e+00  -3.13405562e+00  -1.22402994e+00   3.64024049e-01
   -1.30093586e+00  -4.78655575e-01  -4.73869464e-01   2.58278492e-01
   -1.81940301e-01  -2.29479589e-01  -1.01540324e+00  -1.25265325e+00
   -9.98012974e-01]
 [ -6.98070944e+00  -2.82887885e+00  -1.15756494e+00   4.69006573e-01
   -1.17224704e+00  -3.24597016e-01  -3.59947296e-01   3.35793842e-01
   -1.46417095e-01  -1.35355672e-01  -8.96116760e-01  -1.17244052e+00
   -8.81614514e-01]]
